0 0.639771 0.196694 0.040219 0.012648
0 0.630771 0.183361 0.040219 0.012648
0 0.622167 0.172398 0.040219 0.012648
0 0.609182 0.159991 0.039240 0.012648
0 0.608536 0.158833 0.040219 0.012648
0 0.570612 0.172199 0.011255 0.047509
0 0.397872 0.341019 0.033714 0.065000
0 0.420893 0.302597 0.033714 0.115991
0 0.207552 0.867176 0.099479 0.244722
0 0.251771 0.628644 0.083437 0.296583
0 0.320495 0.509861 0.070677 0.138241
0 0.334526 0.426144 0.058333 0.148269
0 0.378826 0.393338 0.049870 0.115991
0 0.766789 0.572500 0.077464 0.244741
0 0.626958 0.313597 0.031812 0.104843
0 0.608115 0.255264 0.031812 0.096139
0 0.587047 0.198458 0.018729 0.060824
0 0.807969 0.430245 0.092083 0.136139
0 0.751508 0.388009 0.020839 0.105093
0 0.754185 0.331139 0.050901 0.044759
0 0.697469 0.292815 0.050906 0.080111
0 0.679299 0.254440 0.049432 0.061120
