0 0.333820 0.516931 0.082255 0.175769
0 0.257797 0.606319 0.071385 0.191194
0 0.344219 0.386481 0.058333 0.093889
0 0.386396 0.391227 0.035125 0.121898
0 0.777500 0.598648 0.093646 0.244556
0 0.626958 0.313597 0.031812 0.104843
0 0.807969 0.430245 0.092083 0.136139
0 0.679299 0.254440 0.049432 0.061120
0 0.656068 0.226352 0.031813 0.049667
0 0.571013 0.172676 0.011255 0.047519
0 0.419687 0.294028 0.027708 0.107500
0 0.406234 0.337435 0.027708 0.081796
0 0.774841 0.388009 0.067505 0.105093
0 0.611151 0.258333 0.025740 0.090000
0 0.224633 0.826866 0.089432 0.320398
0 0.750729 0.361880 0.057813 0.106241
0 0.432411 0.191606 0.039469 0.053620
0 0.703951 0.292815 0.063870 0.080111
0 0.589969 0.205264 0.016802 0.050139
