0 0.782589 0.614694 0.079927 0.225056
0 0.391609 0.389931 0.040427 0.142361
0 0.279661 0.600394 0.075156 0.209676
0 0.237669 0.779787 0.092526 0.291167
0 0.352878 0.384468 0.068380 0.103713
0 0.348594 0.482843 0.064583 0.151981
0 0.572378 0.174968 0.011255 0.047509
0 0.705253 0.292815 0.066474 0.080111
0 0.751172 0.361093 0.056927 0.104667
0 0.779164 0.388009 0.076151 0.105093
0 0.611411 0.260602 0.025219 0.085463
0 0.629971 0.308241 0.029432 0.092037
0 0.807969 0.430245 0.092083 0.136139
0 0.679299 0.254440 0.049432 0.061120
0 0.589969 0.205264 0.016802 0.050139
0 0.431859 0.189264 0.034198 0.052269
0 0.419560 0.291986 0.034203 0.096009
0 0.407461 0.330759 0.041714 0.058519
