0 0.630432 0.311144 0.029031 0.096231
0 0.384005 0.390324 0.050948 0.123426
0 0.338026 0.420324 0.066969 0.163981
0 0.318878 0.518602 0.085182 0.185167
0 0.251766 0.640926 0.071385 0.231852
0 0.216771 0.859718 0.085833 0.267954
0 0.431794 0.188407 0.034172 0.049389
0 0.417758 0.302384 0.035505 0.100454
0 0.406021 0.346505 0.031667 0.079991
0 0.569737 0.171042 0.009380 0.040694
0 0.704586 0.295898 0.062359 0.080111
0 0.750365 0.361370 0.058542 0.105222
0 0.776846 0.392037 0.071516 0.104444
0 0.589930 0.203523 0.016391 0.043694
0 0.610810 0.256338 0.024005 0.076954
0 0.807969 0.430245 0.092083 0.136139
0 0.679299 0.252741 0.049432 0.058407
0 0.658555 0.234519 0.038620 0.057630
0 0.777427 0.583028 0.077542 0.220685
