0 0.397990 0.351713 0.042250 0.123241
0 0.807969 0.430245 0.092083 0.136139
0 0.679299 0.254440 0.049432 0.061120
0 0.421115 0.298111 0.034229 0.108963
0 0.354784 0.379417 0.054349 0.085704
0 0.357286 0.482940 0.058333 0.160602
0 0.244510 0.774991 0.074385 0.321278
0 0.282940 0.570588 0.074839 0.191194
0 0.788508 0.629968 0.091109 0.246731
0 0.630161 0.308894 0.025750 0.093528
0 0.611135 0.258338 0.025760 0.077713
0 0.777003 0.390324 0.071828 0.100463
0 0.748286 0.360421 0.058656 0.106194
0 0.704445 0.294676 0.064859 0.076389
0 0.573841 0.173556 0.011255 0.041926
