0 0.257797 0.509838 0.071385 0.191194
0 0.295477 0.981852 0.160807 0.036296
0 0.206036 0.617926 0.074385 0.296593
0 0.751508 0.388009 0.020839 0.105093
0 0.657964 0.232468 0.040219 0.049880
0 0.624766 0.230537 0.031812 0.049667
0 0.566977 0.164301 0.011255 0.047509
0 0.344219 0.401727 0.058333 0.148269
0 0.193971 0.860042 0.160807 0.230454
0 0.300510 0.455310 0.049292 0.148269
0 0.754185 0.331139 0.050901 0.044759
0 0.141729 0.695144 0.058292 0.270102
0 0.431331 0.189898 0.035328 0.048870
0 0.675964 0.254440 0.042760 0.061120
0 0.703534 0.292815 0.063036 0.080111
0 0.806172 0.430245 0.088490 0.136139
0 0.579102 0.191486 0.013214 0.051565
0 0.614185 0.259634 0.030068 0.080176
0 0.626370 0.312306 0.021948 0.100204
0 0.707414 0.417287 0.036724 0.131315
0 0.397794 0.350431 0.042755 0.117287
