0 0.563661 0.198208 0.009396 0.017565
0 0.352260 0.446398 0.058333 0.148278
0 0.578969 0.199167 0.018729 0.046481
0 0.369982 0.320361 0.035901 0.043537
0 0.353510 0.353611 0.050167 0.043537
0 0.647474 0.237972 0.018490 0.062944
0 0.821292 0.813616 0.073729 0.315343
0 0.408042 0.363523 0.058333 0.113898
0 0.628352 0.316856 0.025380 0.094991
0 0.612654 0.257523 0.028120 0.092824
0 0.808495 0.430245 0.092083 0.136139
0 0.775466 0.388009 0.068755 0.105093
0 0.675612 0.256079 0.049432 0.061120
0 0.429924 0.187639 0.036036 0.057352
0 0.415641 0.279398 0.040646 0.093389
