0 0.433146 0.190412 0.040156 0.058806
0 0.627833 0.315912 0.028375 0.091046
0 0.299661 0.523181 0.070573 0.166176
0 0.417318 0.274259 0.040156 0.067593
0 0.680133 0.254440 0.047766 0.061120
0 0.575393 0.173875 0.014630 0.047509
0 0.409758 0.324880 0.031422 0.075241
0 0.609115 0.253759 0.027083 0.076370
0 0.704419 0.292815 0.064807 0.080111
0 0.744977 0.361810 0.046880 0.101861
0 0.354417 0.376847 0.052625 0.089620
0 0.374849 0.440625 0.058333 0.148269
0 0.267344 0.700111 0.074385 0.296593
0 0.589404 0.207560 0.014016 0.050065
0 0.807969 0.430245 0.092083 0.136139
0 0.654385 0.231139 0.031812 0.049667
