0 0.211635 0.689481 0.111469 0.332889
0 0.370156 0.521574 0.129437 0.095556
0 0.417628 0.355662 0.142964 0.069657
0 0.402497 0.416014 0.159682 0.101157
0 0.416065 0.324639 0.142964 0.083537
0 0.437083 0.254491 0.111667 0.049537
0 0.440568 0.206894 0.111667 0.048787
0 0.446445 0.136940 0.099036 0.064269
0 0.395122 0.152023 0.021182 0.108306
0 0.314435 0.126477 0.069880 0.096676
0 0.244841 0.208037 0.082078 0.133741
0 0.604354 0.231352 0.111396 0.133741
0 0.564336 0.132111 0.076849 0.034111
0 0.462141 0.071852 0.073656 0.041667
0 0.379682 0.029944 0.041240 0.057333
0 0.451992 0.026250 0.047057 0.048611
