0 0.339258 0.232444 0.041755 0.070519
0 0.339258 0.232444 0.041755 0.070519
0 0.365891 0.198083 0.038635 0.055685
0 0.381542 0.174681 0.038635 0.047861
0 0.415615 0.144468 0.023729 0.056065
0 0.390943 0.236454 0.044781 0.079389
0 0.448904 0.150972 0.022495 0.034907
0 0.470615 0.151361 0.022490 0.027463
0 0.526505 0.161806 0.027302 0.031944
0 0.449557 0.195000 0.051198 0.023704
0 0.450461 0.229787 0.035089 0.019944
0 0.450878 0.247981 0.042026 0.019944
0 0.464305 0.264977 0.033589 0.019954
0 0.430083 0.303616 0.094625 0.080176
0 0.422109 0.370597 0.080083 0.050787
0 0.425091 0.419597 0.103828 0.050787
0 0.412138 0.522255 0.103828 0.087528
0 0.382169 0.651435 0.208536 0.180333
0 0.613089 0.627352 0.103823 0.152463
0 0.605909 0.546523 0.103828 0.066769
0 0.576904 0.446699 0.103828 0.044880
0 0.583750 0.485843 0.117917 0.061444
0 0.574076 0.408319 0.103828 0.044880
0 0.558292 0.328704 0.102479 0.097963
0 0.547672 0.269954 0.041021 0.017556
0 0.406419 0.465551 0.103828 0.034250
